Id	variety	sex	indivvidual	chemotype	ProcCoord1	ProcCoord2	ProcCoord3	ProcCoord4	ProcCoord5	ProcCoord6	ProcCoord7	ProcCoord8	ProcCoord9	ProcCoord10	ProcCoord11	ProcCoord12	ProcCoord13	ProcCoord14	ProcCoord15	ProcCoord16	ProcCoord17	ProcCoord18	ProcCoord19	ProcCoord20	ProcCoord21	ProcCoord22	ProcCoord23	ProcCoord24	ProcCoord25	ProcCoord26
0	NESTOR	H	N001		-0.0014767490475993475	0.27337779339061175	-0.043600006422496285	-0.307706888927122	0.1504097571740054	0.25165859475814445	-0.12890910963426483	0.2231322858597017	-0.23349521574536442	0.15451759880043392	-0.2886422137894712	0.03888871054691774	-0.26993294653144856	-0.09826989299321746	-0.18941615271160958	-0.22956730752868243	0.10560657834699365	-0.264377605835875	0.20247148930386955	-0.1796629004713101	0.24806265439958672	-0.0661277066707124	0.24824537622686826	0.0483790240119423	0.2006765384309312	0.15575829505916738
1	NESTOR	M	N002		-0.008433048008223264	0.2787792716489899	-0.049900335765768654	-0.30884734292732674	0.13601170022215942	0.2571478242984643	-0.12552304783978335	0.22811444674477005	-0.2175468337241706	0.14617058778993208	-0.2808403845770598	0.0318182261656928	-0.26940933594131167	-0.0971916240083136	-0.1877824440105876	-0.2205674124541837	0.10218962136658169	-0.2736651746941428	0.2026234520526835	-0.18902332021025003	0.24915712523076816	-0.06990871937840182	0.24858382228895484	0.05203284813343195	0.20086970870575752	0.16514038889133736
2	NESTOR	M	N003		-0.016764888532511617	0.27858656950224336	-0.03491628007537127	-0.31450275357309265	0.1411868454455425	0.24276531300494986	-0.13794208254322532	0.23405174332264125	-0.23336071835433278	0.1659491890858156	-0.27989271767095364	0.04601287851844677	-0.26529193976815985	-0.09348914694449469	-0.176113342803103	-0.2243966368454449	0.10729966744108455	-0.266918771773929	0.20416677036210762	-0.18953143799545652	0.24220724231767213	-0.07565152782427835	0.2416202118708834	0.042709164726893234	0.2078012323103673	0.15441541679570606
3	NESTOR	H	N004		-0.023993615963278512	0.27899029141568055	-0.03965878636596285	-0.31097651436431817	0.13428055625714438	0.24619827064754704	-0.13813549084520937	0.2194433680041956	-0.2366342761431765	0.15839129527339693	-0.28230196671082053	0.047043780553171335	-0.263384999062541	-0.08427310746489845	-0.17392960981693042	-0.21214544230682925	0.1052623233850486	-0.2755167483393236	0.20288646620422737	-0.1924374431814572	0.2495291880635091	-0.0751183435183172	0.2550337953329096	0.04438770268711833	0.2110464156650802	0.15601289059403411
4	NESTOR	M	N005		-0.030036440413956894	0.29537193831970326	-0.020298641756347095	-0.3027658911172125	0.1488012943640033	0.23596918444209322	-0.14766476913611903	0.23451761597634413	-0.24417560893223714	0.1623214654218782	-0.29048986588682174	0.04483972707005732	-0.26672735781613305	-0.0896434354774736	-0.16786536652797657	-0.21515872529635294	0.11284039551240713	-0.2642419885540739	0.19856066226026717	-0.18941973572687235	0.23630414251367854	-0.0819952368234898	0.24871610712502257	0.030065857569809652	0.22203544869421282	0.1401392241955895
5	NESTOR	M	N006		-0.026289803296277076	0.2906291123617975	-0.03488673492503404	-0.2987513139126279	0.1393437314580872	0.24903286585222176	-0.13852948202867327	0.22281556705401515	-0.23762229216281192	0.15808039539434388	-0.28147189744923795	0.041280972293636406	-0.2706105897800197	-0.09109622605702428	-0.18006400271602713	-0.21136886167123045	0.11050526510388226	-0.26765844513286824	0.20528954205860253	-0.1894172648490554	0.2553988478356567	-0.08075041100861013	0.2548243997011503	0.03305299640923087	0.20411301620070205	0.1441506132661708
6	NESTOR	H	N007		-0.03171312741347107	0.2912711510188835	-0.03247479581380689	-0.30624826798131305	0.14947329283704452	0.25131675483770133	-0.1467134858585092	0.22486146515136535	-0.2413405132204313	0.1601080868245141	-0.2790689926720586	0.0440966046663861	-0.26048143012918334	-0.08879497250589605	-0.16917853410809353	-0.21313862009677265	0.1053617694686848	-0.2712975979803685	0.19732671027228943	-0.19088989609490212	0.24636446254869032	-0.08064851005352842	0.2532040259223476	0.033674444939319176	0.20924061816649725	0.14568935727461094
7	NESTOR	M	N008		-0.003974913742352731	0.27047457847731826	-0.045162667945977064	-0.3231327134365644	0.1287004349784979	0.2492840636196984	-0.12479426756800187	0.23315152396051902	-0.22308203381620578	0.16408879641297114	-0.2800022146252884	0.04650906228514359	-0.26341334101960906	-0.0943475800720618	-0.18199059132903056	-0.231868862807668	0.10145972454101503	-0.27062961312641753	0.20507800730439155	-0.18531863671836285	0.24962163574705024	-0.068169927163409	0.2452534619404812	0.05059063194189894	0.19230676553502946	0.15936867662693407
8	NESTOR	F	N009	1	-0.04781566277408775	0.2913536066336349	-0.04967099903583816	-0.30146628683405935	0.1614534207364149	0.25971494140476536	-0.15798501274394028	0.22073810318782147	-0.2372278254252461	0.14180515700934682	-0.2787290192152534	0.03678414264903416	-0.2446688532554971	-0.0824346953206981	-0.17199888442014946	-0.2096858165088568	0.0966136713515478	-0.26894552553049256	0.1999265353410649	-0.19404472828308664	0.25096662977181816	-0.08331404889209283	0.2570301465908561	0.03537643099485534	0.22210585307831046	0.15411871948982828
9	NESTOR	F	N010	1	-0.0054242029480406975	0.2870983209683765	-0.02547860784081001	-0.32201237412348516	0.1374881305119075	0.24328187504685078	-0.12566500131471717	0.24455675480597716	-0.2230848730733731	0.16420250344408804	-0.28769793759225243	0.042180300549405914	-0.27253833291648166	-0.09838733814157458	-0.17245204670628286	-0.23029097959461983	0.10705172344553031	-0.26767099478056217	0.1964784776529007	-0.1855740213175238	0.2319352039337928	-0.07134268049388164	0.239501735244631	0.043392468628234954	0.1998857316031953	0.1505661650087136
10	NESTOR	F	N011		-0.02576891326159565	0.27923432257646735	-0.02869628383725291	-0.29871224665712315	0.20017169038568855	0.242690128081594	-0.16519094955185273	0.23788071377482137	-0.24562534272555023	0.152032576773549	-0.29406432276125677	0.035723434804486545	-0.26361848853821884	-0.09409575619007257	-0.174666404968708	-0.2207720090843714	0.10917700703145038	-0.2588460712540055	0.19764994917833167	-0.18254385891705743	0.23650707465580895	-0.07502546266578736	0.2407124540860408	0.03692118440354313	0.2134125303071147	0.1455130443539562
11	NESTOR	NA	N012		-0.027903665144764098	0.28879482204363655	-0.0389998100435356	-0.2965332815793388	0.149152975322324	0.24892030918421643	-0.14100904445110118	0.22078268735829562	-0.23617185006426997	0.14719452743029024	-0.2847959528202464	0.034437715572789844	-0.2681293605170587	-0.0922510373217969	-0.18015539187357335	-0.20992301223850462	0.10689839315585542	-0.2700882271510967	0.19982387277186264	-0.19103489123442854	0.24518498871004654	-0.07697379328107626	0.25408501125604627	0.04145977667404677	0.22201983369841438	0.15521440454296612
12	NESTOR	F	N013	1	-0.016754967430100125	0.2669778454138946	-0.05240074468716602	-0.3039870686204087	0.14969811656306084	0.25052643591648993	-0.14054583098149315	0.22109337891417205	-0.23134903625419692	0.1482082323343685	-0.2815129624355196	0.033961457618263094	-0.2705563959263793	-0.09623896587121064	-0.18928453105313445	-0.21745279170148246	0.10042834604917023	-0.26513181810113806	0.20418632088267966	-0.18302546658900914	0.25244774866761294	-0.06645323932766026	0.2597732368785653	0.05123046761216257	0.21587069972690087	0.1602915324015583
13	NESTOR	M	N014		-0.02544948296880778	0.28685233163971396	-0.04782527064656286	-0.30191244255435484	0.1532665387306027	0.2552357083626728	-0.14021333013831233	0.2195686747055351	-0.23212224296772566	0.14269142957336334	-0.28044915800362213	0.030226602468814378	-0.2631217235329119	-0.09560072997280954	-0.18072857832748648	-0.2142558434009718	0.09837553639449151	-0.2698284702592066	0.1960964651009811	-0.18850484630334946	0.2456448556296109	-0.07356086147625224	0.2530527316648311	0.04668180725616358	0.2234736590649115	0.16240663996068133
14	NESTOR	H	N015		-8.676539924317092E-4	0.2669449879742978	-0.03705653281877116	-0.31954791451706266	0.1408480143344722	0.23832964360498876	-0.1285538359784768	0.2315515194947277	-0.23341024962120643	0.16723524574528698	-0.28723935457996935	0.04702515409171747	-0.2709919836642839	-0.0981385318792116	-0.1837967410498061	-0.2353967575561371	0.10444808000231781	-0.26430190163523687	0.19973768889811833	-0.17632477932987217	0.2448153270589669	-0.06260093488465018	0.24678432014568755	0.05046646335333727	0.20528292126538278	0.15475780553781482
15	NESTOR	M	N016		-0.02194806808927084	0.28408157065280853	-0.033467109726207284	-0.3101885427641599	0.15521696181908495	0.23353075408019688	-0.1459647171477095	0.23394389918269187	-0.24110604124590523	0.15649397925175315	-0.29309381942268237	0.0376157306499966	-0.27343810644064687	-0.09550443344820671	-0.1723077070985596	-0.21821583313893664	0.10143397976383799	-0.25290292130790765	0.20104354734254962	-0.1765140891642596	0.24771757374272896	-0.07307281332282786	0.2503257852655662	0.036519380472133815	0.22558772123721432	0.14421331885671737
16	NESTOR	F	N017	1	-0.012896843565105648	0.252948006153703	-0.06657420234593268	-0.3236913679299671	0.10944449136751064	0.24039945667095214	-0.12248500614192237	0.22355561984300037	-0.21099550214988697	0.15567524752074982	-0.2702979550690243	0.04541465227323459	-0.2627122116582892	-0.08690340951641248	-0.19161784029302456	-0.2206688695637012	0.09762093378108418	-0.2862262309026874	0.2116726347663308	-0.19420265694184913	0.2585003973381034	-0.05957986682116283	0.2573975825449783	0.07265559502828298	0.20294352142517844	0.18062382418585732
17	NESTOR	M	N018		-0.024671266554401276	0.2841372685030216	-0.04545709378028072	-0.3079586840200268	0.13846446811042248	0.24707421408742858	-0.13702163720693772	0.22154119131224445	-0.23348241364887098	0.15309529525384047	-0.2801130546492675	0.04006822202902621	-0.26224406917917203	-0.09162482635360891	-0.17947581266018126	-0.21751111424140446	0.10054071688785098	-0.2706591612884727	0.1994159032590567	-0.18648639822456942	0.25141046755533264	-0.07250069646541431	0.2568535621391131	0.04473000413377544	0.21578022972733535	0.15609468527416004
18	NESTOR	F	N019	1	-0.008307797616864999	0.2752970832999917	-0.04942207727903944	-0.3029151098113653	0.15334827753275257	0.24411784921294905	-0.13302941973711052	0.21746880613920233	-0.23722326319155979	0.14606885591830227	-0.2939040982139794	0.03220746956246938	-0.2767531146587103	-0.09875928723982307	-0.19109991498134563	-0.22219937221611735	0.1019019874836589	-0.25197600273084403	0.20757465350204823	-0.17599788919452208	0.2518951207313652	-0.06582644669273838	0.25599657478197596	0.047484951607744214	0.21902307164680895	0.15502909214475102
19	NESTOR	F	N020	1	-0.038714796409082694	0.2914624203877827	-0.04899364122794908	-0.29364088684068107	0.155692706467146	0.2588814421185518	-0.15105867077753624	0.22422665305596362	-0.23286880949705843	0.14399861342230394	-0.27650132566643776	0.03296134261482679	-0.2553125433215873	-0.09178478438433763	-0.18186520899781675	-0.2130989429040067	0.1030293794266608	-0.26428396397361803	0.2056474685410519	-0.1950451646656281	0.2484599658583929	-0.08361326055121972	0.2550711501777659	0.03588888065642494	0.21741432542645078	0.1540476510636376
20	NESTOR	F	N021	1	-0.015999198294676175	0.28644629353076706	-0.0492359991974925	-0.3202487367996333	0.12980331634105946	0.2521200589094334	-0.1265209118101157	0.22937378362864863	-0.22118892423150285	0.15695306404983128	-0.27302252276689676	0.0409297314571371	-0.2561401022532092	-0.09555130803193343	-0.1786705130120196	-0.22832558592697694	0.09706652969943354	-0.27406546263473264	0.19965599031919215	-0.19036876962622504	0.24544756263098108	-0.07203417681734534	0.24461704594792247	0.05033759378691897	0.20418772662732426	0.16443351447411006
21	NESTOR	F	N022	1	-0.005038236716998962	0.2800166612914418	-0.0361952132613456	-0.3295723643032013	0.1323760125618737	0.2528753183891292	-0.1246659514442761	0.2361921033719017	-0.22321353844133288	0.16446267013891017	-0.2808504881432532	0.047125343624854335	-0.2606616295538952	-0.09276623120262817	-0.16936955485246846	-0.22965147622105825	0.09964216249971061	-0.276483294099003	0.19639185455709451	-0.1887591589517304	0.24126960108006335	-0.07126844852441876	0.23868248571945835	0.04814362603542429	0.19163249599537005	0.1596852504503784
22	NESTOR	M	N023		-0.02870999184836979	0.2832825494400954	-0.03857567152418434	-0.30243489130484497	0.17104234634819168	0.25266489259682934	-0.1547507175051462	0.23027042501909456	-0.2391818772615235	0.15269894341287013	-0.28097319107667396	0.03704136659757415	-0.2579556187355162	-0.09474545941908721	-0.1759519411344863	-0.22025183645998173	0.10360535019932987	-0.2639597712341066	0.19819935029492292	-0.1882918670281494	0.23967767578737384	-0.07778343465202014	0.24554316939612836	0.038522747953516207	0.21803111705995365	0.15298633507821033
23	NESTOR	F	N024		-0.00948243308619676	0.26696812358659167	-0.0700238419495781	-0.3193942816189689	0.11990758617612116	0.26041240726305864	-0.11935070574658158	0.21720939150009239	-0.2104830635893741	0.14415973337996685	-0.26786368819579226	0.03292189345323609	-0.2618265078853658	-0.09435084050970771	-0.18985506486891213	-0.21947688110000194	0.0893046466063317	-0.2840627740957852	0.2024566676496011	-0.19038529952155375	0.26156647107309455	-0.06431670122200453	0.25388828220053644	0.06668048411488367	0.20176165161611564	0.1836347447701931
24	NESTOR	M	N025		0.002649156521691478	0.26561948909238725	-0.044898439509534135	-0.32468391577432526	0.11978312319603618	0.24751492002225126	-0.11568759907560235	0.23157413622223372	-0.2184684170601628	0.16686617451563093	-0.27946369241205826	0.05120113508725188	-0.2615013381524949	-0.0932726955985217	-0.18791379383954637	-0.2380697123058445	0.10657408971107712	-0.277885612933084	0.20561853281015657	-0.18993133774979426	0.2437637229185668	-0.06578219646803808	0.2393536024387724	0.05839870656377187	0.19019105245309803	0.1684509093260809
25	NESTOR	M	N026		-0.022155354634078923	0.2884395681708429	-0.04966929200249677	-0.3151015025227267	0.1406677862491479	0.2609333159435208	-0.13300797956289037	0.22223198077150313	-0.22554284740694466	0.14743002539503525	-0.27648805207369204	0.038129500096162325	-0.25168779872614744	-0.09019392261826426	-0.17535360156051286	-0.2206218906366548	0.09503529734950092	-0.2782968750438588	0.19462727205117938	-0.1913615551931494	0.24791452222548369	-0.07445747670841346	0.24810694907211664	0.04773171369252582	0.20755309901933464	0.16513711865347688
26	NESTOR	F	N027	1	-0.006438461486194244	0.2661364928672518	-0.04234419546388492	-0.3200530747185012	0.1219928017905414	0.23832608978751044	-0.12278988147419097	0.23575523659873732	-0.2182015821920965	0.1652576266012539	-0.27839123763908	0.047239988805720834	-0.2659723618130923	-0.0942021227146311	-0.1863627406739567	-0.23142156706631245	0.10713748153242815	-0.2799947157026078	0.20190472936799717	-0.189720180328024	0.2429658427600964	-0.06532552482452285	0.2426961957191015	0.059262312215850585	0.20380340957233145	0.16873943847827477
27	NESTOR	M	N028		-0.0017316481513317827	0.2904943725020053	-0.009108542834477287	-0.3239797322784967	0.14229167819044447	0.24490326630353496	-0.12714638178239396	0.24483065211717278	-0.23417246492104732	0.1756770060878778	-0.289684121206872	0.051126192289314386	-0.26846810901479323	-0.09663913624012156	-0.1611542697646284	-0.2320165536023311	0.11034021921293578	-0.27274569563796935	0.1895944321473277	-0.18907145750310356	0.22685236316709123	-0.0779765547064437	0.22801377328550904	0.0369123101756097	0.19437307167223597	0.14848533049295082
28	MILSTEIN	F	M029	1	-0.003828842742198798	0.2905877808303543	-0.059147991090625504	-0.34611842111786667	0.10209122322247029	0.26442164906166393	-0.10519939263677117	0.2436881051174789	-0.1948387750248533	0.16841949524688263	-0.24972957103986945	0.04236462088236652	-0.2468135968857481	-0.10486188309849356	-0.17482859598723732	-0.244391460673948	0.08499088227736926	-0.2885479606781225	0.19418010749397574	-0.19421603171134524	0.24514516666478336	-0.06805389281479675	0.2334274310556575	0.06021741495709123	0.17455195469304768	0.17649058399873524
29	MILSTEIN	M	M030		-0.009026955142670455	0.2824478462569159	-0.08024849439613498	-0.3353671486567595	0.09550831452230674	0.2757593656212226	-0.10425770683634979	0.2294007793675814	-0.18612643879470162	0.1503533625702777	-0.24582844267132684	0.035607789020987615	-0.23742533188554016	-0.09946300760966721	-0.18815409206158923	-0.23718842293654924	0.08068059692482156	-0.2989983337047204	0.19700800409502867	-0.20168912696445057	0.2557668206299736	-0.06741962681322397	0.24335345159947	0.07187438657717417	0.1787502740167122	0.19468213727121197
30	MILSTEIN	F	M031	1	-0.00647687202361295	0.2812976395378469	-0.06153489445024643	-0.3358026266140328	0.10776299668000654	0.2569755633783379	-0.11021477395248844	0.2341829614332187	-0.20240006506716662	0.16247703857499846	-0.25712456404993095	0.04416398310944372	-0.24009345668741108	-0.09995955087351951	-0.1839284372083909	-0.24424886468870968	0.08896405040509539	-0.294340485837318	0.1899518834097994	-0.19359183906347924	0.24375297418969136	-0.0627359811958795	0.23953698269139018	0.06848188452120584	0.19180417606326497	0.18310027771788723
31	MILSTEIN	F	M032	2	-0.015532744891054214	0.3009138882137303	-0.07282751221885256	-0.3312414505462208	0.11977560548258259	0.2805116827190083	-0.10940905670721178	0.23091835104929803	-0.19601695522460613	0.152206090346452	-0.24126586993104376	0.03051214712835068	-0.23012476926958514	-0.11067135807399525	-0.18519478090079328	-0.24741493273189702	0.0784591691193524	-0.2916546539471341	0.18469982524814693	-0.19777394572918575	0.23916862467063446	-0.06792284998337858	0.23883583479248155	0.06500592287156293	0.18943262982994905	0.18661110868340938
32	MILSTEIN	F	M033	1	-0.02013578936925095	0.2941111481289824	-0.04696158319529294	-0.3298337255100057	0.11521093653862129	0.2622644021680795	-0.12172448729224242	0.24038820337862007	-0.20639512213930736	0.1636364741523728	-0.25801452997775065	0.04751711518454731	-0.23314612424024866	-0.09269494457354974	-0.1735085985955721	-0.2385621562738368	0.09661622831933207	-0.2966202010719053	0.18897166358851278	-0.20529199453474173	0.23187698382558283	-0.07532376339059603	0.2352770341402129	0.05593075372009958	0.19193338839740337	0.1744786886219338
33	MILSTEIN	F	M034	1	-0.01920802830530026	0.29046864883196194	-0.051053342745830274	-0.32715216012097376	0.11163118368900644	0.2673845839005626	-0.12156019725589964	0.23513174229776113	-0.2086402412721144	0.16086448548219875	-0.26065033300446483	0.04718347130425363	-0.23913756023311217	-0.08869843133398199	-0.17339091059759082	-0.2295524650879636	0.09844662242669865	-0.29010200432400435	0.20148534053937434	-0.20980002524862518	0.23694976840385432	-0.08008100599493626	0.2410936390213403	0.052823551582655434	0.1840340593340384	0.17152960871109177
34	MILSTEIN	F	M035	1	-0.03863538562988157	0.2879612110683351	-0.05615709771147448	-0.3227508628078211	0.10149387747310791	0.2566006830886878	-0.13396468470445805	0.23788499238413088	-0.2087192901417318	0.16466443870334851	-0.24994504824225136	0.049774171418902155	-0.23766784586961223	-0.08499046223938768	-0.1712602154612773	-0.21915209335198665	0.0969121748682999	-0.2944423258888959	0.2047644082112755	-0.2121573075382282	0.2516174472885058	-0.08353518193101078	0.24826177110709363	0.04976954965659311	0.19329988881240426	0.17037318743733262
35	MILSTEIN	M	M036		-0.019125810351216715	0.29496305064265627	-0.06022176361872063	-0.3361298969720746	0.09977508039171429	0.26443344566140015	-0.11401198469541046	0.23961486538543664	-0.1997451299070229	0.16579981503304864	-0.2501750476340901	0.047207670979965116	-0.23609176642010393	-0.09513610095085127	-0.1751831341918444	-0.2374533734602643	0.09094795073979076	-0.291397794122458	0.20066089711073376	-0.20407160215006137	0.24527099189700832	-0.07542578353608764	0.24011990646012865	0.05549005078142433	0.17777981021903375	0.17210565270786626
36	MILSTEIN	F	M037	1	-0.010951834545865565	0.2861565301856762	-0.06073789786707949	-0.3318692390769839	0.09940258935494506	0.26594454738346934	-0.11087687220055716	0.23858781569534784	-0.19722252219333694	0.1661345508934096	-0.24802120059201996	0.04457125313288819	-0.24562974312859537	-0.0989094185142557	-0.1845510448857228	-0.2371572984972037	0.09455977186259493	-0.2947287344407407	0.20022372813006556	-0.19870455686350708	0.25396653922027684	-0.0720174346373943	0.23701745095164584	0.05682969004088647	0.17282103589364892	0.1751622946984076
37	MILSTEIN	NA	M038		-0.0071363735922893475	0.2816862008049383	-0.04276711510123517	-0.3327413210499337	0.09444531206577016	0.25373638506366786	-0.1115604401740912	0.23635011784043616	-0.2107771720414952	0.17487637094180017	-0.2606315221727966	0.05823716505792822	-0.24840544538124337	-0.08751388810920477	-0.176811549801917	-0.2325503014983403	0.1057300461345701	-0.30101222332967237	0.19871835272959582	-0.20258033051425103	0.24710071598402833	-0.0718843165610384	0.23985875242520519	0.056369996749701404	0.17223643892589804	0.1670261446039682
38	MILSTEIN	M	M039		-0.012812482896610765	0.28588165837003365	-0.05974903897290787	-0.3253009590623018	0.1211498516264578	0.2625736572816745	-0.1197031247338021	0.2319919380043122	-0.20974476352379645	0.16084057210079308	-0.2541589873810659	0.038740598029672654	-0.24779270471236237	-0.10421607175569442	-0.18619943555669233	-0.23945685635466565	0.09044070984712593	-0.2845426443895371	0.1914957362320622	-0.18835042814964312	0.248590129779429	-0.06615533863049954	0.2468006175800324	0.05710634634294959	0.1916834927121309	0.17088752821290576
39	MILSTEIN	F	M040	1	-0.006164691233750859	0.2867956424251906	-0.05320258104824444	-0.3365275773448749	0.10062924395820089	0.26588338202015754	-0.10700811728059172	0.23589594635284925	-0.19919991539634377	0.16296465886970307	-0.2598134997508071	0.04917108734918563	-0.24211357983374432	-0.09160171839517456	-0.1776835554287532	-0.23666657608580782	0.09626252054778331	-0.29960838406562	0.19587109002298483	-0.2024107258742204	0.24601222737363115	-0.07213292596876819	0.23216279110907	0.05944102452316954	0.17424806696056544	0.17879616619421013
40	MILSTEIN	F	M041	1	-0.00796964555141626	0.2679114429815206	-0.07264957348455658	-0.3368536518516705	0.08853693567432643	0.25514964167010934	-0.10568750413909969	0.22629962790695798	-0.19575039303005531	0.1622616611403878	-0.24778104393964795	0.04802404456904906	-0.24339867967402243	-0.09241957641451505	-0.1900791978455088	-0.23478892671652757	0.09036968497804153	-0.30537529048272655	0.20139614358455815	-0.2045463290617691	0.2513643464856953	-0.06022657064049499	0.24686082077709698	0.08057751708359592	0.1847881061645889	0.19398640981608262
41	MILSTEIN	F	M042	1	-0.02396259090193304	0.2908035588562543	-0.05708793302468032	-0.3313998250719794	0.09805249289745133	0.26338254136305467	-0.11774131363032793	0.24206890986614302	-0.1933122067924185	0.16371651910060173	-0.24489309069275875	0.04336615897480345	-0.2409130276259744	-0.09618743556184	-0.17742944141304165	-0.2317617316914007	0.09195340757260442	-0.30378067359778604	0.18949572018039804	-0.20359599154318425	0.2492557611828138	-0.07301452996918371	0.24312490506439402	0.05892048658705207	0.1834573171834733	0.17748201268746483
42	MILSTEIN	F	M043	2	-0.019761742046026175	0.2814061537692163	-0.07960392497447477	-0.3217157503968046	0.09571219470367556	0.266847636813483	-0.11246300909298362	0.22359750487312816	-0.19719075734772917	0.15242116941649678	-0.2457963956399452	0.03825138165021294	-0.24164720965940426	-0.09618016443656358	-0.19341493444953503	-0.2291149469240489	0.08928181441771887	-0.2909228518647418	0.20976853954946997	-0.20853507291048787	0.25598973557271343	-0.07183209675518414	0.25142657307305594	0.06791214000627115	0.18769911589346452	0.18786489675902254
43	MILSTEIN	M	M044		0.019340027198935236	0.2781850553553631	-0.05656529478864285	-0.3494403623461892	0.09782410546992282	0.23796726725874964	-0.08702576244827338	0.25004301924942207	-0.18777132187136542	0.17245994460006298	-0.26497686024315625	0.041379431524115544	-0.26342893112454585	-0.11805487434211388	-0.1968942063473981	-0.2693531168705539	0.08831862041797607	-0.2757961042756534	0.19031065258872995	-0.17203008499053404	0.24094792547699356	-0.046939162719045906	0.23514720725232185	0.07493133958416974	0.18477383841850248	0.17664764797220728
44	MILSTEIN	M	M045		0.0038399133320401735	0.2919288523469368	-0.04910633664025655	-0.3349728673481727	0.12153610866687425	0.27207976061788025	-0.10410984431993607	0.23479599284050273	-0.20168821992781802	0.15930736153874542	-0.26114475228642614	0.037801556193504685	-0.251348880734197	-0.10485810152395636	-0.17831937910227613	-0.24219361517881366	0.0930119158397788	-0.2917927793545822	0.186955910192353	-0.19680731107941798	0.23116294980370128	-0.06729797170808739	0.22952877177915948	0.06253946235713964	0.1796818433970025	0.17946966029832084
45	MILSTEIN	F	M046	2	-0.0052439367243258955	0.26260989028656906	-0.05999615247598499	-0.33872784376935794	0.0805675847163399	0.24056344121286166	-0.10303900052772999	0.2330772162109169	-0.19437838246242883	0.1663415657699797	-0.26112591358599097	0.05495513878756616	-0.25569768072442306	-0.0838611314598303	-0.18617839682708187	-0.22726314290701158	0.10091936586203165	-0.3088533288170615	0.20615611533472306	-0.2030734226417263	0.25800584751414724	-0.06222456333098843	0.23998014782594596	0.07655567947642386	0.1800304020747779	0.189900501181659
46	MILSTEIN	F	M047	1	-0.00903313471624468	0.26545856181460575	-0.07582073945037858	-0.3072537956260259	0.0870668912125965	0.25627299409445803	-0.10704157342326756	0.2200549438372845	-0.1950856924938502	0.14360166176586767	-0.260900247483291	0.02935504058745807	-0.27347731445391604	-0.09489498218263606	-0.2061125597747421	-0.2118295514999343	0.09704703225056616	-0.2909567856877038	0.21563874311207426	-0.19709150122024893	0.27664659739801034	-0.06774069545470106	0.2627152064247943	0.06864865492730071	0.18835679139764855	0.1863754546442753
47	MILSTEIN	M	M048		-0.0032520967690909466	0.28043207296888906	-0.055585568914341965	-0.3472418932242004	0.09181026427510112	0.25547123639957403	-0.10174809631469857	0.23915056119426734	-0.1935800344838396	0.16799697448662332	-0.25676244144385324	0.05260866334052203	-0.24171580347601215	-0.09349067595156871	-0.1777322770793309	-0.24397707948024638	0.09194533289200951	-0.3018758387914579	0.192784112858542	-0.1997715395892909	0.2431931935627408	-0.06623715819906448	0.2297470352353584	0.06951237508992633	0.18089637965741556	0.18742230175602656
48	MILSTEIN	M	M049		-0.016139182619325034	0.2873134888711552	-0.048698115231351397	-0.33401998758465906	0.11235302575103497	0.25807094877004566	-0.11888737721402177	0.23843471728502635	-0.2059751648324354	0.1664028693627166	-0.25382127501220164	0.045540827454578575	-0.24557784284590248	-0.0961741730261208	-0.17194549925584643	-0.23315142283948023	0.09456024088181395	-0.29636771642750964	0.19110553006990078	-0.20328799017487448	0.2358459013139567	-0.07298167800775232	0.23232621688162672	0.06059903387397238	0.1948535421127508	0.17962108244290165
49	MILSTEIN	F	M050	2	0.0014357415870390779	0.2918452077913449	-0.06083319606754824	-0.3527537410734495	0.08549855113696844	0.2646143356202768	-0.09295332916077738	0.2521469804716857	-0.1784231915962793	0.17556584502178754	-0.23651200363026811	0.047201034720737924	-0.23049520250508254	-0.1086713673475574	-0.18388400158180915	-0.26110968268897483	0.0886580391551964	-0.30911506196625876	0.18534028157465007	-0.2046404871679381	0.227514252160359	-0.060719614894776786	0.22854520142490917	0.07708554700260295	0.16610885750264243	0.18855100451051954
50	MILSTEIN	F	M051	2	0.012514278094605013	0.28347412228267366	-0.055991153728297875	-0.34445880429501147	0.09203176903167397	0.2651990781485309	-0.0905401867337207	0.2439469690905343	-0.18802771107219363	0.17427180482254762	-0.24579201209512533	0.04589507134638102	-0.24684976780918638	-0.10904649355805661	-0.18883521252083735	-0.2566579228983903	0.09487425788549163	-0.30108807196988874	0.1910321388414892	-0.19861293402703306	0.23515283506468257	-0.062387942303596275	0.22507325746103837	0.07202548399279957	0.16535750758038084	0.18743963936850952
51	MILSTEIN	NA	M052		-0.01611124835127942	0.29649531060867323	-0.06356923477347265	-0.34172336441577605	0.11439633683130583	0.2702183768910027	-0.11328674183115445	0.2381850225858838	-0.19625329210611747	0.16067613011487955	-0.24250600311768014	0.03933254057480759	-0.22431706547045419	-0.10543647342343349	-0.17345993108880067	-0.24772577523045639	0.07927006498213801	-0.3031994624857805	0.17661632005059744	-0.20200330341181508	0.22944414661263907	-0.06568310337175093	0.2340519595025385	0.07075874113049505	0.19572468875974	0.19010536043327003
52	MILSTEIN	F	M053	2	-0.01580460351372704	0.28584500005912733	-0.0594881047945729	-0.34332170754058766	0.0884139574649737	0.2523008644138056	-0.10929512588526634	0.24446336345631822	-0.1913552924795662	0.16989739273378165	-0.24749827926549284	0.04953796125885524	-0.24190979309416374	-0.09395663582400093	-0.17506913833833335	-0.23645870827675985	0.09258858307320242	-0.30084994795065606	0.20041608924559895	-0.2066822304816044	0.2431007368610787	-0.07110246384071414	0.23338357446705307	0.06607501857979486	0.18251739625921548	0.18425209341264007
53	MILSTEIN	M	M054		-0.001430171114744954	0.2825809737083951	-0.06405580918828506	-0.35598914187697817	0.09300332341311374	0.26909870984139633	-0.09774237370926156	0.2377954866536071	-0.18147001884396385	0.15810688117275495	-0.24880561079294894	0.04298627499631398	-0.23835286153730076	-0.09469342230390293	-0.16698389459556234	-0.23693411541647716	0.0816679433742385	-0.31846395754571816	0.18270499066684823	-0.21054690300349665	0.2306620658140857	-0.06062140422404513	0.23192636416026752	0.08454331971322523	0.17887605235351384	0.2021372982849253
54	MILSTEIN	F	M055	2	-0.009336382999932794	0.2866494061651608	-0.05164799733817127	-0.34913959387005533	0.09096084822831137	0.259610202199731	-0.10468539328421829	0.2474675266689719	-0.1859092681647884	0.17149500879968227	-0.24278015331289382	0.048356987119695743	-0.23852787296825922	-0.0976990771844321	-0.17092676503709728	-0.2414452426875879	0.09053023229868642	-0.31560651009324436	0.1819159153818134	-0.20875214900051048	0.23303983923881957	-0.06745319889037751	0.22637303693311914	0.07345438384153787	0.18099396102461088	0.19306225693142778
55	MILSTEIN	F	M056	2	0.004353423598278623	0.29783383624693144	-0.0524671716597579	-0.35091600664488476	0.11662209877007611	0.2721954805419874	-0.09870408466397367	0.2515219663657764	-0.17770232531795688	0.15700037110328036	-0.2482114450260786	0.028293888867033018	-0.25051118842997744	-0.11570189520430028	-0.17431098422128505	-0.2519644495305239	0.08087305161275271	-0.3006813278050031	0.16999286785260567	-0.19410955426415924	0.22022082180556535	-0.058373886573152095	0.22512614383372548	0.07439793566657754	0.18471879184602547	0.1905036412304372
56	MILSTEIN	F	M057	1	0.015396820486718275	0.2807292995464905	-0.07505534184271218	-0.355822436944051	0.09570344503085801	0.2681314976148515	-0.08474494749752756	0.24125145875847215	-0.17723928774028908	0.16295914168482778	-0.24637982826012267	0.038775796727607496	-0.24261510763690133	-0.11340295203211725	-0.190841150717952	-0.26277322802586056	0.07936330025217705	-0.29369435485798884	0.1937298674301022	-0.1914455948139761	0.2411085047066102	-0.0561500112198198	0.21794981570323935	0.07981196594521427	0.17362391008579994	0.20162941761634992
57	MILSTEIN	F	M058	2	-0.0031364885451833496	0.2743717795616761	-0.06696092655720648	-0.3518726402104483	0.08290333653796929	0.2582331206680237	-0.09989031565281416	0.2441633355793201	-0.1844755466791627	0.17613523604736198	-0.23586191905174297	0.051326766517738265	-0.23631437117850063	-0.1003779358680649	-0.18376901532198817	-0.2501336866716552	0.08866353278980463	-0.3076628475349579	0.19655940519786072	-0.20734903659669351	0.238970551552852	-0.06269038277394948	0.23041100290636096	0.07986549153246644	0.17290075400175087	0.1959907997491828
58	MILSTEIN	M	M059		0.009244544591739684	0.285506965313682	-0.03855875018724494	-0.3488746943569728	0.09766327894630404	0.2562189352105324	-0.09476637946567638	0.24351859787111862	-0.19701963858735058	0.17673207123254234	-0.26218292798510556	0.055683067714587045	-0.24862030863789072	-0.09813496482152709	-0.1756975816629638	-0.2515617099523132	0.10085625920784957	-0.30029088550490235	0.18938440787775146	-0.20061714941280426	0.22560512366891913	-0.06563868654273777	0.2216247545261061	0.06696964609842804	0.17246721770756213	0.18048880715036658
59	MILSTEIN	F	M060	1	-1.587991242916753E-4	0.28642529227192737	-0.044655244559035454	-0.35314739846219495	0.0813182880923942	0.25490657621551427	-0.09705503422742477	0.25120545473434963	-0.1887649812204327	0.18234417155187121	-0.2463189280624006	0.056974158947142806	-0.2423408741439885	-0.09645463785713541	-0.1720810104808266	-0.24720664964298608	0.09834548982761299	-0.3110625372758146	0.19079247373370875	-0.20846202814548767	0.23114935761580216	-0.06843291527843293	0.22346429814223612	0.06895548917607786	0.16630496440664597	0.1839550237651686
60	MILSTEIN	F	M061	1	-0.001131569915107225	0.2931511368620736	-0.035959530322229594	-0.33852530312164125	0.11387178592697407	0.26497447146938014	-0.10813476158882476	0.2418688160217365	-0.20518788816894665	0.16966680958136116	-0.26207885261407876	0.04780159035380098	-0.24844320490825125	-0.09798869000583961	-0.1680130582087167	-0.23938131707590316	0.09939112157767732	-0.29748731822090313	0.1866334800388131	-0.20354324563841641	0.2263474208750345	-0.0741865183468861	0.22281849959843114	0.057128465990843105	0.179886557709225	0.17652110213039435
61	MILSTEIN	F	M062	2	0.022762090519466534	0.29006867613713533	-0.05666377608268211	-0.3525407513659578	0.08954716448227017	0.26239097294075314	-0.07624156062987807	0.2427539753755733	-0.181992592105165	0.16992777962419783	-0.25467374372878615	0.0431917652586484	-0.25157475158084097	-0.11168248399188448	-0.18883876856563703	-0.26245008319609925	0.09178218326488327	-0.2965569746505551	0.19154864454615955	-0.195417828375215	0.22793742631496314	-0.056745250141260264	0.22331143481570861	0.07867202951814538	0.16309624874953807	0.18838817286651866
62	MILSTEIN	NA	M063		-0.00844963179329988	0.2758634198602816	-0.056322847807784855	-0.3386156336294636	0.0704196766534293	0.24672792368567	-0.10250306882309457	0.24655993761561035	-0.18919553936375352	0.17948704792698295	-0.2464621659413917	0.05780118213913951	-0.24592758372193171	-0.09210141703795172	-0.18762797443542786	-0.24056357963826475	0.10343104845764113	-0.30616916592163496	0.2064511506883212	-0.2081386226873441	0.24860322710737806	-0.06743476564110835	0.24139428012714917	0.06848414719629103	0.16618942885276514	0.17809952613179197
63	MILSTEIN	M	M064		0.0019349475023922903	0.2846184609197261	-0.04541176733478525	-0.36149102794157306	0.09494312982301203	0.25181878392502965	-0.09936929580007219	0.2516164634114145	-0.19164077271726215	0.18501850714086712	-0.24201235858159786	0.055462054063893616	-0.23782145963912246	-0.10324559634405862	-0.16972888890162754	-0.2576734987224894	0.0911287515267874	-0.30922517391647864	0.1812858823063183	-0.20376041226239106	0.21747462024592346	-0.06066358901605159	0.21875516963264105	0.07736488443394582	0.18046204193739288	0.1901601443081656
64	MILSTEIN	M	M065		-0.007587736747367572	0.28427639811812827	-0.04858503245586564	-0.3452779311857985	0.08663334173979784	0.2576000364678284	-0.10530510934296239	0.24340264131646716	-0.1959536002031667	0.17390430421337277	-0.2546120550028545	0.058021638054070734	-0.2358625761246096	-0.08776826357104572	-0.17142664386597378	-0.23909632262094815	0.09920281360194223	-0.30869685842639677	0.19655751120224407	-0.2122443847999965	0.23469777221469348	-0.07265931792172554	0.2297604062782332	0.06573685824398007	0.1724809087058892	0.1828012021120636
65	MILSTEIN	M	M066		0.014928528256727216	0.2881472484456314	-0.04948780317070718	-0.3502446143534359	0.1014949389437899	0.25547159626947047	-0.0913930020259911	0.24648565218602655	-0.19551547982007772	0.17794398626849905	-0.253611041754788	0.04889686880206115	-0.24089779646263848	-0.11166608883810589	-0.18546963474174227	-0.26845616574721953	0.09184657164331685	-0.2942731776789614	0.1820787617418328	-0.18929481060606598	0.2281714724338746	-0.05810102011633784	0.2204950598142639	0.071155542500286	0.17735942514213962	0.18393498286815183
66	MILSTEIN	F	M067	1	0.013061882807420546	0.2798093601402087	-0.05427630562175903	-0.3548510913143252	0.09423973924531538	0.26271299300907663	-0.08899310208878902	0.24028602666242654	-0.18809157177030023	0.17161740583260351	-0.25419988690567513	0.05334755979967207	-0.2358175818990903	-0.10005859316694274	-0.18250740974757765	-0.25899267107879953	0.09335871188280019	-0.30692744857713194	0.1887060717113406	-0.20440728179533313	0.223113538481106	-0.06024661591845857	0.21896398387218216	0.08080700473174598	0.17244193003302677	0.19690335167525788
67	MILSTEIN	F	M068	1	0.007346855274987201	0.28399916536177744	-0.041522540795217326	-0.3425821411097462	0.0731171811610355	0.2632300115475398	-0.08798911333862593	0.24360374001773794	-0.18738811355688145	0.17977098989370374	-0.2503253752024258	0.05685543073877168	-0.2534078935872326	-0.09303071195813634	-0.17866395418950237	-0.23766463754921124	0.10996641079556703	-0.3122014408318311	0.2045057518092165	-0.21914373196571413	0.23440938553616605	-0.07811765361619627	0.21454501532116088	0.06591697177399126	0.15540639077175258	0.18936400769731337
68	MILSTEIN	M	M069		0.023180285528091694	0.26993299153386036	-0.019906770886473628	-0.3451503851044898	0.10074895085032803	0.23661760151451033	-0.09099934295424798	0.2416368002458062	-0.20806830052157588	0.18406321218126415	-0.28503079430302947	0.06359799604618328	-0.273063912171311	-0.09490875988716124	-0.18102270500990342	-0.25114161683056235	0.11471063567207754	-0.29171542889332347	0.1918231314550916	-0.18651697998772673	0.23158043366536082	-0.059840473264912764	0.2206317476151025	0.0636082852830037	0.1754166410604889	0.16981675716354833
69	MILSTEIN	F	M070	2	-0.017625267194047566	0.27366519798044475	-0.0554281406077647	-0.33074071657975596	0.10316509095490281	0.2608695286389093	-0.12122238800302093	0.22932998678273783	-0.2086844745036982	0.16530453573603443	-0.25308587979298597	0.05210148398194967	-0.24046825423323856	-0.08640121293617636	-0.17620423549600817	-0.22644173222733116	0.09589109229212445	-0.3053251435845706	0.19597074352182586	-0.2068830404039055	0.2488743811556864	-0.07338609294805484	0.24021473483739117	0.06364167036367689	0.18860259706883323	0.18426553519604177
70	MILSTEIN	F	M071	1	-0.02641495793285065	0.27624935790874566	-0.08663301568701619	-0.33573954143337914	0.07851592381820513	0.2732299409077852	-0.11399158022183473	0.2299626782271297	-0.18384227112140752	0.15776888967271754	-0.2294430778180304	0.043772765843249434	-0.2306390630852781	-0.09015025922339155	-0.1817238021693344	-0.22537373906478977	0.08167901687416658	-0.3090925621508629	0.207633532922904	-0.21972042267521316	0.2602611686626868	-0.07515109456727911	0.24735170145965385	0.07407278458566814	0.17724642429813564	0.20017120196962002
71	MILSTEIN	M	M072		-0.001027773191530662	0.2808660914848272	-0.051798678579775784	-0.3389566813033226	0.10660661491817898	0.2526225961256004	-0.10499238922068935	0.22545123683843285	-0.20883940293490721	0.1619208774310407	-0.2705172067180561	0.047298123529066455	-0.25971229715615546	-0.09267046400033395	-0.1758313833436755	-0.23176057871098896	0.09463727230259873	-0.28841058759306093	0.1986374737136479	-0.19528879457087062	0.23989914157418452	-0.062094622720151274	0.24436518900515472	0.06615192353032942	0.18857343963102546	0.17487087995943124
72	MILSTEIN	F	M073	2	-0.022321037776402763	0.2562763540541841	-0.06486170556895161	-0.3323252596709993	0.08350126899568805	0.24811506304997158	-0.12406057594025707	0.2340699202689269	-0.2048072918908276	0.1739747375813979	-0.2520382414808745	0.062073921455294445	-0.24338897710134372	-0.07860646672729656	-0.1832407171628383	-0.2240206191916754	0.10136390044968854	-0.2961643997707296	0.22037422037016063	-0.21151788162020238	0.26266071460728085	-0.07564331453141328	0.2473808130298276	0.06334550533126523	0.17943762946885	0.18042243977127606
73	MILSTEIN	M	M074		-0.015072914539974221	0.2654751268061992	-0.06684317609494048	-0.32944281589627944	0.09463843684631992	0.2505222011153935	-0.1183231698197954	0.23210900762752834	-0.20293764801092307	0.16698482756890315	-0.25125547716328345	0.05114720626307977	-0.24784002875093494	-0.09021956247036952	-0.18962467260955881	-0.23088067796541206	0.09810451765832795	-0.2926384133142788	0.2125040769681418	-0.2047904629152016	0.2534548273051119	-0.06862397495740735	0.2465636686020071	0.06803842750265462	0.18663155960950156	0.18231911063519024
74	MILSTEIN	F	M075	2	-0.01703130317084878	0.275769525041938	-0.06605245739418848	-0.33336700389088253	0.09183216373789178	0.25984624696348346	-0.11350595107996939	0.2386404503072938	-0.1899342711572262	0.16576028050130953	-0.23771851966387186	0.04349109296094841	-0.24485049342452475	-0.09746060047898406	-0.18570475477211504	-0.23214231711565192	0.09296840667001367	-0.30693070652625265	0.19852667801165502	-0.20965965548612273	0.24493081022607066	-0.06754807587808656	0.24197527650025624	0.07315373164683939	0.1845644155168574	0.19044703195416823
75	MILSTEIN	F	M076		-0.014005584124717734	0.29383278140462665	-0.048415667898070926	-0.3331159779782118	0.10919275473469821	0.25876299652439405	-0.11486857406234777	0.24609867682240577	-0.198041977896926	0.16636705076005223	-0.24941823662538332	0.03734050433578162	-0.2573560869094399	-0.10447095876304274	-0.17600537972505498	-0.23269560171202017	0.09429318899053235	-0.2900072581634058	0.19306723641785667	-0.19857680947442266	0.2390456905097602	-0.07240074677057298	0.23532093706907078	0.05604929318064031	0.18719169952002265	0.1728160498337754
76	MILSTEIN	F	M077	1	0.00829028015065519	0.2702607980811696	-0.055129227372810306	-0.34211011373871697	0.09704928045574762	0.26190148204759345	-0.09961551954360402	0.2378992606441833	-0.19603584910849411	0.17303273263667476	-0.25136931437446636	0.048149554051830405	-0.25515594914806083	-0.10102332901691644	-0.1856974052016928	-0.24298469947044057	0.09710804958689466	-0.29940519588980385	0.19766809221515977	-0.1991517328517773	0.24180074465307683	-0.0627410114114329	0.23170180845123456	0.07125810529600975	0.16938500923635968	0.18491414962162706
77	MILSTEIN	M	M078		5.391617162834594E-4	0.28391157412539914	-0.029714896643760848	-0.34200833899145217	0.09415924529239443	0.24222560413700706	-0.10378582742168621	0.24911244557579834	-0.2034265713551809	0.18086591915383288	-0.26820612635394303	0.05996510535288651	-0.252274724327923	-0.09189768265152291	-0.17222762736608263	-0.24351061613275876	0.10869628406710803	-0.2997226825082164	0.192957415220402	-0.20220494985817908	0.2290696517114595	-0.07046952595428482	0.22364130635249269	0.06039652753748127	0.18057270910843665	0.17333662021400864
78	MILSTEIN	M	M079		-0.0032904136469748685	0.28016624096600967	-0.050108722795049035	-0.32949813954652224	0.10449788270603984	0.24923033978473044	-0.1084161264167122	0.23974878759080862	-0.2015390089412457	0.16609999855106888	-0.2628905681725031	0.04500328600806788	-0.25576116134102705	-0.09990487980722346	-0.18754856825263552	-0.24022489068993058	0.10081332828535793	-0.29163284381331683	0.19593688176620852	-0.19505995412138025	0.24004342620442917	-0.06327628330447346	0.2411476512402987	0.06524434626022539	0.18711539936381327	0.17410399212193575
79	MILSTEIN	F	M080	1	5.892210631858359E-4	0.2846517624364744	-0.0428586631808045	-0.3449114572576603	0.08751130806249839	0.2601027084875757	-0.09668102197010559	0.23999217327728886	-0.19133887785396025	0.16854068020203247	-0.25766978459779866	0.050074400903493924	-0.258046997333082	-0.08976718995506125	-0.1706633180522511	-0.22838788534896978	0.10188841713645995	-0.310698956851501	0.19561658385544156	-0.2102279923503795	0.23815851304846636	-0.07193386997051249	0.22376858605235736	0.0662158581118091	0.16972603376959283	0.18634976831541025
80	MILSTEIN	F	M081	2	-0.011399922637455519	0.28738446136816026	-0.06862193671074755	-0.349746357492562	0.0631618031157157	0.2716651007786088	-0.09438130718650911	0.24410114354029505	-0.17171059556362372	0.17028651608642695	-0.22964057132830332	0.051039629560456205	-0.23031816132804528	-0.0925757954200283	-0.17745125853912194	-0.23807875219991506	0.08942060915935549	-0.323019479102608	0.19866498800895196	-0.22178827279571778	0.2473078973978405	-0.07540244076911806	0.22640103972131606	0.07459781955423886	0.15856741589062673	0.20153642689176315
81	MILSTEIN	F	M082	1	-0.006204129351593087	0.28771712812469513	-0.055734357870647	-0.34646547465984134	0.08794802619131009	0.275179833649257	-0.10162904010880752	0.24485718056977934	-0.1849883139155941	0.17476926792319494	-0.2308872162688907	0.04854715416454318	-0.23316121810374704	-0.10054280012316809	-0.1763438735940594	-0.2447950793193492	0.0917459075670716	-0.3177149088802209	0.18615943419659822	-0.21441319826804986	0.23373305617139842	-0.07243069527663229	0.22334918291988767	0.07056599861159912	0.166012542167073	0.19472559348419313
82	MILSTEIN	M	M083		-0.028828213164242084	0.285850769303009	-0.07141849681607271	-0.3314451418161321	0.09404783697766286	0.26377130357937273	-0.12124690191203143	0.23871380310768017	-0.19452096898985977	0.16511845055799487	-0.2354199927480185	0.044955278997692895	-0.23218365545698605	-0.0965833191188773	-0.1830045625896648	-0.2352039075079784	0.08711717123497098	-0.29737874663424396	0.2004243897872392	-0.2063881803617463	0.25413617403526134	-0.07477748606290899	0.24573481500130334	0.06126788840421393	0.18516240464043804	0.18209928755192364
83	MILSTEIN	F	M084	1	-0.003868356304880631	0.28145346935697807	-0.048615897360930804	-0.342836580865222	0.09441617042089034	0.25892582098920036	-0.10560596332232508	0.24113600754232967	-0.19901753016890314	0.1752656494993357	-0.2538466276120493	0.056308347113236096	-0.24003441017504093	-0.09278736143592783	-0.1772228479704261	-0.24304740296526592	0.09933869015022499	-0.30431791850436685	0.19448290948420102	-0.20357423593052304	0.24189757178513038	-0.07075808980871931	0.2244177294941897	0.06195523652739314	0.17365856157991966	0.18227705848155212
84	MILSTEIN	M	M085		-0.03660593955728883	0.2900334547724462	-0.053893587093592515	-0.32520193605432	0.09918221474643996	0.25286303950922995	-0.12997653182962712	0.2412533139677186	-0.20636879771657304	0.1713200833087088	-0.24117592320792341	0.05169400327612787	-0.23292740006583443	-0.09186021959107887	-0.17759013987770325	-0.23177321325201186	0.09594667196770137	-0.3010477040526889	0.19444618353016788	-0.20616258575294424	0.24750124731424586	-0.07757184707865972	0.24604137147108396	0.05436390118586905	0.1954206303189033	0.17208970976160345
85	MILSTEIN	M	M086		-0.017143845581543166	0.2883703859196849	-0.053107830369166165	-0.33683441179011914	0.10433535714003703	0.26496492847942366	-0.1168199948122581	0.239949940541952	-0.20117451113718077	0.1685289430436378	-0.2471178311840732	0.04951555573737439	-0.23548155546984312	-0.0941200616093216	-0.17373342511373993	-0.23743631678871058	0.09354084278482257	-0.302298909673365	0.1912743650452528	-0.2055063705455315	0.24126336409686866	-0.07489419770469628	0.23129470600670096	0.05895680595887809	0.1828703585941225	0.18080370843079316
86	MILSTEIN	M	M087		-0.015169069960494757	0.27758981845553427	-0.07540370683935324	-0.3366068595331672	0.08633680282387629	0.26860906146854385	-0.10751123017790588	0.23290495963479713	-0.185240555765657	0.1574254549853954	-0.23877621329672158	0.04004239313866289	-0.24054176236521507	-0.09568367943801091	-0.18334427864384378	-0.23027798369827787	0.08422203934827319	-0.3091838753773795	0.19670086451753668	-0.20848748156393757	0.2547814082016699	-0.06910485172842243	0.24257803058311678	0.07475698573958342	0.18136767157471842	0.19801605791667845
87	MILSTEIN	F	M088	2	0.003795165924128527	0.27426157783261773	-0.057803315818957514	-0.3488575891961696	0.09533237774239872	0.2590046458857111	-0.09969331739632814	0.24310071534614766	-0.1897232990833433	0.17273968043073742	-0.24767947732994128	0.0471023655771831	-0.24930661184173109	-0.10253737256164377	-0.18272261583550564	-0.2478335581106717	0.09124675763017032	-0.30155282992745236	0.19189873566286086	-0.19821454325091611	0.23763890111767544	-0.05923001188407237	0.2331433957657978	0.07532268115705973	0.17387330346277524	0.18669423870146884